1 1 -1.000000
0 1 0.444112
1 0 -1.000000
1 0 2.597051
2 1 1.927228
1 0 1.410358
1 0 2.821356
0 1 0.707072
0 1 0.937460
0 1 0.267898
1 0 2.759093
2 1 1.921670
1 1 1.558325
0 1 0.169737
2 1 1.484120
1 0 2.569276
0 1 0.614930
0 1 0.715088
0 1 0.432644
2 1 0.693843
1 1 1.389238
2 1 1.252242
2 1 1.338156
0 1 0.432958
2 1 1.029684
2 0 2.147161
0 0 0.212021
2 0 0.655753
1 1 2.721669
2 1 1.625067
2 0 2.538065
1 1 1.682951
2 1 -1.000000
0 1 1.130621
0 1 0.393247
1 1 2.559424
0 1 1.264273
1 1 1.785703
1 1 1.286311
0 1 1.083361
2 1 1.460738
0 1 0.750629
2 1 1.020415
0 1 1.274121
0 0 0.016528
2 0 1.725017
2 1 0.391759
2 1 1.738885
1 1 -1.000000
2 0 1.345899
0 1 0.328220
2 1 1.532418
1 0 2.276653
2 1 0.138668
1 0 2.446742
1 0 2.188738
2 0 1.867649
0 1 1.812194
2 1 1.738507
0 1 0.828769
1 1 2.482211
1 1 1.724173
0 1 0.651596
2 1 2.415374
1 0 -1.000000
2 1 2.035347
1 0 2.126247
0 1 1.150661
0 1 0.983291
1 1 2.514000
0 1 0.247162
2 1 1.312080
1 1 2.525236
1 1 2.530582
0 1 0.646985
2 1 1.936505
0 1 1.755481
1 1 2.551070
1 1 2.469806
2 1 1.732909
0 1 1.385639
2 0 1.649491
2 1 1.197916
1 1 2.764808
0 1 0.128244
1 1 2.930613
1 1 -1.000000
2 1 1.078861
1 0 1.644501
1 1 2.420560
0 1 2.173814
0 1 0.744234
1 1 2.547318
0 1 0.442768
2 0 0.559094
1 1 -1.000000
0 1 0.343230
2 1 1.566829
1 0 1.671049
2 1 1.785104
1 0 2.806766
1 1 2.808534
2 1 1.464702
0 1 0.362069
0 1 0.818007
1 1 1.309100
2 1 1.289427
0 0 0.970415
2 0 1.432418
1 0 2.018129
0 1 0.255557
2 1 1.630188
0 0 0.212576
1 1 2.091858
1 1 -1.000000
2 0 1.151075
0 1 0.010224
2 1 2.566829
1 1 2.872975
2 1 0.413508
0 1 0.308839
0 1 0.311125
2 0 0.631606
1 1 1.756841
1 1 2.778501
1 0 2.562029
2 1 2.112472
0 1 0.902229
1 0 -1.000000
2 0 2.063058
1 1 2.079094
2 1 0.609689
2 1 1.817435
2 0 1.549270
1 0 2.151652
2 1 1.483137
2 1 2.056067
0 1 0.323554
0 1 1.904292
2 1 2.083971
1 1 1.626004
0 1 1.152127
1 1 -1.000000
0 1 0.170045
0 1 1.636108
1 1 2.301869
2 0 1.928964
1 0 2.503015
2 0 1.464727
2 1 1.059716
0 1 0.491708
2 1 1.415562
1 0 1.781926
1 0 2.457559
1 0 2.122863
1 1 2.464970
2 1 1.536931
1 0 -1.000000
0 1 0.335724
1 0 2.933803
0 1 0.261411
2 0 2.206577
0 1 0.809627
1 1 2.032343
2 0 1.416433
2 1 2.497968
2 0 1.951968
2 1 2.003482
2 1 2.126247
1 1 2.666936
0 1 0.437729
0 1 0.929092
2 1 0.906546
0 1 0.337645
0 0 0.840115
1 0 1.865574
2 0 1.702870
2 1 1.808472
0 1 0.266496
2 0 1.654436
1 1 1.609632
2 1 2.406833
2 1 1.098122
0 1 0.597483
0 1 0.819010
0 1 0.379814
0 1 0.496655
1 0 2.002939
2 1 1.639313
2 1 1.632021
0 1 1.168942
1 1 2.403221
0 1 1.028150
2 0 2.891408
1 1 -1.000000
2 1 2.317303
2 1 0.476400
2 1 1.390593
2 0 1.429377
2 0 1.586416
0 1 0.906840
0 1 1.127630
2 1 0.443271
2 1 0.279708
0 1 0.355841
1 0 2.927986
2 0 1.507388
1 0 2.340530
2 0 1.224057
1 1 2.596338
2 0 0.741926
0 1 0.733893
2 1 0.553994
0 1 0.707648
2 1 1.157378
1 1 2.417943
2 0 0.554792
0 0 0.079027
2 1 1.869167
1 1 2.055755
1 0 2.186536
1 1 2.450138
2 1 1.590913
2 1 1.447804
2 1 2.287017
0 1 1.137693
0 1 0.462551
1 1 -1.000000
1 1 -1.000000
0 1 0.866131
1 0 2.651448
1 0 2.518929
1 1 1.155675
2 1 0.921021
2 1 0.290272
0 1 0.121122
2 1 2.305304
1 0 1.899393
1 0 2.956868
1 0 -1.000000
0 1 1.080463
0 1 0.531575
2 0 1.466958
1 1 2.129341
0 1 0.925403
1 1 -1.000000
2 1 1.046150
2 1 0.750993
1 0 1.385375
2 0 1.162965
2 1 1.147619
0 1 0.737337
2 1 0.864931
1 0 2.404995
0 1 0.415566
1 0 1.659918
1 1 2.530122
1 1 2.340824
1 0 2.436167
0 1 0.973438
0 1 0.805938
1 0 2.038627
0 1 1.322000
2 0 1.737646
0 1 0.682271
2 1 0.895820
2 1 1.792368
0 1 0.766486
2 0 1.197664
2 0 2.618937
0 1 0.590805
1 1 2.447239
1 1 2.890394
2 1 1.944968
2 0 1.775128
2 0 1.732460
2 1 2.055739
1 0 2.584950
1 1 1.850484
0 1 0.365757
1 1 2.730576
2 0 1.745238
0 1 0.734260
0 1 1.703883
2 1 2.277726
1 0 2.458820
1 0 2.651552
0 1 0.396767
1 1 1.758558
0 1 0.640385
0 1 0.111017
1 1 1.516502
1 0 1.219590
2 1 1.971506
1 1 1.932662
2 0 1.384742
1 0 2.952350
1 1 2.795528
0 1 0.676061
0 1 0.113963
0 1 0.707028
0 1 1.146046
0 1 0.079913
1 1 -1.000000
1 1 2.783785
2 1 1.984762
2 1 2.334625
2 1 0.915594
0 1 0.804950
0 0 0.441660
0 1 0.671714
1 1 -1.000000
1 1 2.192350
0 1 0.526339
1 0 1.362349
0 1 0.538535
0 0 0.797128
2 1 1.994779
0 1 0.968105
2 1 1.779934
1 0 2.311031
0 1 0.525158
2 1 0.790380
2 1 1.492686
1 1 2.091741
1 1 2.979684
2 1 1.346313
0 1 0.500139
1 0 2.443295
2 1 0.858629
0 1 0.566011
1 1 2.702487
0 1 0.081674
2 0 1.386514
0 1 0.233076
1 1 2.220006
0 1 0.741292
1 1 0.795302
2 1 1.545683
0 1 0.278003
2 1 2.355168
1 1 2.892142
0 1 0.357593
0 1 0.080485
1 0 2.568799
1 1 -1.000000
0 1 0.288295
2 0 1.890954
2 0 2.654020
0 1 0.952073
1 0 2.498721
1 1 2.318559
2 1 1.894647
0 1 0.155816
2 1 2.632943
0 1 0.640933
1 0 2.364283
1 0 1.488876
2 1 1.182073
2 1 1.524198
1 0 -1.000000
2 1 2.088502
2 0 2.480785
0 1 1.223719
2 1 1.572505
0 1 0.455792
0 1 1.172746
0 1 1.202346
2 1 1.554124
2 0 1.666475
0 1 0.288748
2 1 1.208800
0 1 1.293755
1 0 -1.000000
2 1 1.776692
0 1 1.013098
1 1 1.913652
0 1 1.239571
1 1 1.157549
2 0 1.030528
1 1 2.579940
1 1 2.009130
0 1 1.953763
0 1 0.035533
0 0 1.026069
2 1 2.304764
0 1 0.866594
2 1 2.135938
2 1 2.044766
1 1 1.726956
1 1 2.635511
2 1 2.604401
1 0 -1.000000
0 1 0.864782
2 1 1.785097
0 1 0.147224
0 1 0.141261
0 1 0.019075
1 0 -1.000000
0 1 1.251169
0 1 0.382330
1 0 -1.000000
2 1 0.375639
2 1 1.045816
0 1 1.359265
1 1 -1.000000
2 0 1.420989
1 0 -1.000000
1 0 2.592169
2 1 0.098005
0 1 1.145777
1 0 2.245754
2 1 1.238292
2 0 1.117137
2 1 1.800596
1 0 -1.000000
1 0 -1.000000
0 1 0.470593
1 1 -1.000000
0 1 0.503987
2 1 0.137507
0 1 0.033502
1 1 -1.000000
1 1 -1.000000
2 0 0.796239
1 0 1.634577
0 1 0.186026
0 1 1.728522
2 0 1.914354
2 1 1.430220
1 1 1.326238
0 1 0.110585
2 1 2.286862
1 1 1.960557
0 1 0.386365
2 1 1.806899
2 1 1.053877
0 1 0.298109
2 1 1.111462
2 1 2.087938
0 1 0.470469
0 0 0.906108
1 0 1.781115
2 0 1.326128
1 1 1.544828
0 0 0.940004
0 0 1.299944
1 1 2.554807
2 0 2.716549
0 0 1.024550
2 1 1.466986
0 1 0.145668
0 1 1.567827
1 1 1.415270
1 1 2.847441
1 1 2.104185
1 0 -1.000000
2 1 1.462909
0 1 1.303734
0 1 0.224628
1 1 1.767500
2 1 1.333663
1 1 2.975468
1 0 -1.000000
1 0 2.901466
2 1 0.942040
0 1 0.872474
1 1 2.575504
2 1 1.244238
0 1 0.061169
2 0 0.776489
2 0 0.670542
0 1 1.314712
1 0 0.429070
1 0 2.800341
0 1 1.962272
2 0 0.142301
1 0 2.114766
0 1 0.978848
0 1 0.764787
1 0 1.626653
0 1 0.787757
0 1 0.593626
1 1 -1.000000
2 1 1.165262
2 1 1.999382
0 1 1.829132
0 1 0.947181
1 1 2.836632
0 1 1.306281
0 1 0.760024
2 1 1.845928
1 1 1.562412
2 0 0.068020
0 1 0.918657
2 0 1.566523
0 1 0.803923
2 1 2.322151
0 1 0.814462
2 1 0.948311
2 0 1.979674
1 0 -1.000000
1 0 2.106316
0 1 0.944026
2 1 1.633441
0 0 0.310973
1 1 1.069454
1 0 2.385929
1 0 2.565901
2 1 2.079525
2 1 1.078969
1 0 2.252768
0 0 1.145303
1 1 2.717660
0 0 0.483495
0 1 0.444947
1 1 2.570717
1 0 2.505223
1 1 -1.000000
1 1 2.974570
1 0 -1.000000
2 1 1.473004
1 0 1.728344
1 1 1.950454
1 1 2.265929
2 1 1.821194
0 1 0.788401
1 1 1.196604
1 1 2.713604
2 0 1.479633
2 0 0.789918
0 1 1.000344
2 1 1.528150
0 1 0.837644
1 0 2.413791
2 1 1.734777
0 1 0.133230
1 0 2.599946
0 0 0.241212
2 1 1.390581
0 1 1.142536
1 0 2.624993
0 0 1.497385
0 1 1.209174
0 1 1.330084
0 1 1.234189
2 1 1.144387
1 1 2.122724
0 1 0.589747
2 0 1.519621
2 1 1.219724
1 1 2.025162
2 1 0.824746
1 0 2.606372
1 1 -1.000000
1 1 2.071545
1 1 2.631242
0 1 0.774781
2 1 -1.000000
0 1 1.829303
1 0 0.833948
0 1 0.574722
0 1 0.210429
1 1 1.877056
1 0 -1.000000
2 1 1.260568
0 0 0.839874
2 1 1.700986
2 1 1.433218
2 1 1.308275
2 1 1.594528
0 1 0.132058
0 1 0.925618
0 1 1.546750
2 1 1.154263
0 1 0.412771
2 0 1.172251
1 1 1.857235
2 1 0.834869
1 0 -1.000000
0 1 0.990832
1 1 1.441293
0 0 0.629097
1 1 2.094460
0 1 0.206344
0 1 1.231365
1 1 2.987938
0 0 0.664396
0 1 0.421670
2 1 1.273983
0 1 1.172370
1 0 1.750177
0 1 0.429570
2 1 1.439982
1 0 2.966200
2 0 1.073633
0 1 1.029584
2 1 1.342730
0 1 0.234749
1 0 1.265979
